camera_matrix:
- [403.2237957675796, 0.0, 315.3755411231132]
- [0.0, 403.6808442686009, 232.8808122060432]
- [0.0, 0.0, 1.0]
dist_coeff:
- [-0.027696017671718764, 0.04605956264851323, -0.0022670247356798836, -0.003581370537173379,
  -0.05117456673398883]
