camera_matrix:
- [413.41719055072787, 0.0, 255.95472594887443]
- [0.0, 537.5530766756867, 242.12175317270015]
- [0.0, 0.0, 1.0]
dist_coeff:
- [0.12967586016774765, 0.034259391824021636, 0.0014828160051311053, -0.06222365837521421,
  -0.03551220879498468]
